[app/ui]
version = 6.6.1
modtime = 1496159082.410625600

[app/launcher]
version = 6.6.1
modtime = 1496159082.419629900
